2.6568298718295632e-02
2.1676866607335397e+00
4.1989590104611001e-02
2.1488400040608724e+00
5.8210891204736229e-02
2.1656060282318732e+00
9.0707359982961366e-02
2.1829451496483943e+00
1.0653955447730634e-01
2.1810588524050276e+00
1.4013870756769825e-01
2.1612263643919061e+00
1.5840401185613309e-01
2.1976287172659443e+00
1.9650732182651351e-01
2.1976287172659443e+00
2.5408231519665359e-01
2.1959092167348926e+00
2.7542396548984377e-01
2.2367528226473690e+00
3.3288613732023770e-01
2.1941250396392111e+00
3.5610148968104727e-01
2.2357175410948038e+00
4.1660773593388423e-01
2.2346418062483635e+00
4.4189400007769819e-01
2.2346418062483635e+00
5.0572228059457491e-01
2.2346418062483635e+00
5.2457807116942123e-01
2.3012496752184446e+00
3.1006230602848071e+00
5.6227869220991789e-01
2.3012496752184446e+00
3.1161393106081685e+00
6.0993542189666172e-01
2.3475039372657456e+00
3.1469987004436724e+00
6.4822857154829239e-01
2.3475039372657456e+00
3.1672755357675744e+00
6.8650664549573326e-01
2.4191320441392263e+00
3.2058510488307181e+00
7.4965393135369085e-01
2.4191320441392263e+00
3.2271290230347818e+00
7.4965393135369085e-01
2.4697816117927189e+00
3.1691918153975784e+00
7.4965393135369085e-01
2.4697816117927189e+00
3.1030994179889615e+00
7.3700241321130577e-01
2.4697816117927189e+00
3.0516038495115403e+00
7.3700241321130577e-01
2.4697816117927189e+00
2.9871999160718747e+00
7.4389550894061518e-01
2.4981271293203440e+00
2.9139182667826220e+00
7.4389550894061518e-01
2.4736525625385761e+00
2.8951131247304569e+00
7.4389550894061518e-01
2.4981271293203440e+00
2.8753822005923824e+00
7.3175085513939098e-01
2.4736525625385761e+00
2.8653287279025199e+00
7.3175085513939098e-01
2.5027095643118384e+00
2.8436666743342043e+00
7.0147990495855661e-01
2.5027095643118384e+00
2.8319400436549400e+00
6.8296101645237006e-01
2.5027095643118384e+00
2.8009979271783472e+00
6.4591265277364318e-01
2.5330720254090831e+00
2.7614283643923625e+00
6.4822857154829239e-01
2.5074991211920259e+00
2.7207365220658408e+00
6.0993542189666172e-01
2.4819194240892308e+00
2.6788739679140550e+00
5.9128502695975493e-01
2.4863396145439380e+00
2.6737162830068426e+00
5.5165246592728634e-01
2.4339771661705969e+00
2.6459781568809819e+00
5.3025147828463071e-01
2.4373680163678642e+00
2.6369458646129855e+00
4.8918241826366754e-01
2.4683771071860692e+00
2.6100141172479230e+00
4.8597066504200770e-01
2.5009182423427783e+00
2.5996936517488485e+00
4.4336639332510791e-01
2.4446554231942002e+00
2.6005473333264137e+00
4.2205726179676589e-01
2.4485777607504016e+00
2.5471752353905597e+00
3.6486092806166803e-01
2.3908478286749633e+00
2.5230291527194120e+00
3.4313368111813358e-01
2.4570545433319086e+00
2.4676014777949677e+00
2.8328049478016654e-01
2.4266446413822189e+00
2.4414408982455833e+00
2.6111840366768557e-01
2.3341905380269701e+00
2.4254428961901375e+00
2.2549140267496401e-01
2.3045390631675411e+00
2.3963860497890552e+00
1.7936826451242482e-01
2.2748784650986931e+00
2.3667975902729652e+00
1.3058100878779888e-01
2.2452087396092222e+00
2.3366627936597433e+00
8.5314876814495871e-02
2.1595817074820527e+00
2.3273821233533512e+00
6.2673928031007867e-02
2.0727137462012006e+00
2.2642188392204319e+00
1.7376255716670685e-02
2.0727137462012006e+00
2.2322498657011511e+00
-2.7448293712860283e-02
2.0437403744170770e+00
2.1996679312527965e+00
-4.9681139530727850e-02
2.0147583037632897e+00
2.1880205799766399e+00
-7.1919052216913359e-02
2.0147583037632897e+00
2.1860280548639319e+00
-1.1864309118717482e-01
1.9857675303216991e+00
2.1951641664803785e+00
-1.6725241621747272e-01
1.9567680501717566e+00
2.1932354725151169e+00
-2.1786348193271213e-01
1.9567680501717566e+00
2.2137688506606095e+00
-2.4149824416105001e-01
2.0075218423491155e+00
2.1858257418422142e+00
-3.0094932061875118e-01
2.2086440488342394e+00
1.9777697801410996e+00
-3.5027024255390332e-01
2.1950092313577825e+00
1.9777697801410996e+00
-4.0823731671819624e-01
2.2188208095919917e+00
1.9480085482574454e+00
-4.6880607582340239e-01
2.2179857140370935e+00
1.9182381424583170e+00
-5.0576927192710297e-01
2.2437440182262192e+00
1.8884585585012443e+00
-5.5854923653281208e-01
2.2970963293405076e+00
1.8586697921411783e+00
-6.4032522095537858e-01
2.3390998708361210e+00
1.8288718391304313e+00
-6.9568346659367719e-01
2.3974959859440155e+00
1.7535275714697049e+00
-7.5107303250881008e-01
2.4442278974148350e+00
1.7244582962312425e+00
-8.3421616506968188e-01
2.4442278974148350e+00
1.6953802788935408e+00
-8.8968414806452922e-01
2.4295738840188763e+00
1.6662935155124534e+00
-9.4518354452542142e-01
2.4295738840188763e+00
1.6371980021414527e+00
-1.0284915978656486e+00
2.4149176412515820e+00
1.6080937348316262e+00
-1.0840696448413960e+00
2.4149176412515820e+00
1.5789807096317141e+00
-1.1396791988424737e+00
2.4002591686041654e+00
1.5498589225880444e+00
-1.2231526641486978e+00
2.4313940491848185e+00
1.5207283697445921e+00
-1.2788411030272193e+00
2.4961492532399396e+00
1.4624409508222549e+00
-1.3345611428622490e+00
2.5487954789120084e+00
1.5004868196023171e+00
-1.4182005132735922e+00
2.6204961651944156e+00
1.4406605273041826e+00
-1.4739996732807119e+00
2.6415674995664786e+00
1.3807972494260954e+00
-1.5298305285492864e+00
2.7596794407438705e+00
1.3508517301749097e+00
-1.6244491806943375e+00
2.7426461340171642e+00
1.2909329095856998e+00
-1.6817231628444056e+00
2.7426461340171642e+00
1.3254576764569301e+00
-1.7390305030982853e+00
2.7596794407438705e+00
1.2639114453624893e+00
-1.8888007732901055e+00
2.7596794407438705e+00
1.2023261065505959e+00
