2.3783329295361895e+01
2.9528612401396099e+01
2.3780924011587544e+01
2.9532145781133671e+01
2.4110801992071380e+01
3.0043828236575131e+01
2.4447111549162809e+01
3.0573001052450550e+01
2.4444587475040908e+01
3.1124458322566799e+01
2.4790033526417801e+01
3.1128340836137951e+01
2.5147711702472265e+01
3.2283204082492510e+01
2.5893865294913379e+01
3.2283204082492510e+01
2.6681170279417938e+01
3.2896710315801094e+01
2.7093990150640849e+01
3.3524414822574442e+01
2.7513158404660786e+01
3.3533292712699463e+01
2.7951521467018711e+01
3.4185081319583524e+01
2.8397067001932538e+01
3.4871563147586265e+01
2.8863420600182994e+01
3.4871563147586265e+01
2.9337912774969414e+01
3.4871563147586265e+01
2.9334426351940841e+01
3.5570574992429925e+01
6.2068263247807343e+00
2.9327455532400428e+01
3.5570574992429925e+01
6.5928783021466915e+00
2.9820660309902731e+01
3.6302617231131627e+01
7.0570822508338882e+00
2.9813481092844828e+01
3.6302617231131627e+01
7.5431885196853576e+00
2.9806304702186686e+01
3.7059336996398201e+01
8.1360874744128164e+00
3.0849495544091070e+01
3.7059336996398201e+01
8.7673635235351828e+00
3.0849495544091070e+01
3.7853057258099668e+01
8.9308088851897338e+00
3.0849495544091070e+01
3.7853057258099668e+01
9.1002784512348676e+00
3.0315475470023639e+01
3.7853057258099668e+01
9.3320145670626591e+00
3.0315475470023639e+01
3.7853057258099668e+01
9.5149233440128249e+00
2.9795545412049229e+01
3.8686452446128591e+01
9.7049310506610009e+00
2.9795545412049229e+01
3.8692212507100365e+01
9.9619438437597463e+00
2.9795545412049229e+01
3.8686452446128591e+01
1.0231609444215144e+01
2.9296120243158722e+01
3.8692212507100365e+01
1.0586517284514452e+01
2.9296120243158722e+01
3.9562462240649303e+01
1.0888243279097349e+01
2.8816071819433887e+01
3.9562462240649303e+01
1.1286671983743432e+01
2.8819449686934039e+01
3.9562462240649303e+01
1.1456086505183674e+01
2.8826207352954974e+01
4.0471810145362717e+01
1.1630962649542420e+01
2.9813481092844828e+01
4.0478066880158984e+01
1.1810798664698872e+01
2.9820660309902731e+01
4.0484325276920828e+01
1.1995808595252521e+01
3.0880046299689926e+01
4.1442546206396131e+01
1.2374137497834674e+01
3.0887691769553406e+01
4.1455618123760253e+01
1.2574205735402442e+01
3.2023218189278893e+01
4.2459795165649396e+01
1.2882307356425477e+01
3.2031379577323214e+01
4.3505534947776923e+01
1.3206550615152901e+01
3.3247191924660072e+01
4.4602940859754689e+01
1.3544429886065597e+01
3.3255924410210980e+01
4.4617910742627998e+01
1.4019150286294568e+01
3.3260292086870557e+01
4.5779484122560049e+01
1.4148512757381877e+01
3.3914265042158448e+01
4.5795192741489736e+01
1.4404642524242565e+01
3.3918790074835982e+01
4.8289825176345786e+01
1.4540716424571949e+01
3.4598392113068151e+01
4.8298496497528483e+01
1.4810374941607186e+01
3.4603083599270150e+01
4.7034824599782453e+01
1.5230039205611760e+01
3.6025057417356287e+01
4.7043081227629315e+01
1.5377619810986461e+01
3.6035155970715977e+01
4.7051340395887401e+01
1.5527900495518223e+01
3.5324457599038283e+01
4.7059602105729766e+01
1.5680956042759474e+01
3.5334201034225224e+01
4.5858121472540461e+01
1.6147565590130711e+01
3.5339074448573349e+01
4.5881758702862868e+01
1.5996934581995383e+01
3.5348824672749195e+01
4.5881758702862868e+01
1.6158812507179722e+01
3.4664170194042946e+01
4.5889642510102831e+01
1.6323794218081776e+01
3.4668876658286550e+01
4.5897528684351052e+01
1.6489383934972203e+01
3.4673584195133941e+01
4.5897528684351052e+01
1.6827579116357718e+01
3.5378102537522459e+01
4.5905417226673961e+01
1.7177765310212688e+01
3.6111047759076634e+01
4.5913308138137936e+01
1.7543470220466144e+01
3.6874175795736846e+01
4.5913308138137936e+01
1.8117527574460613e+01
3.6879441571965600e+01
4.7125787422448084e+01
1.8948449413404298e+01
3.8493062661821746e+01
1.9386554685683404e+01
4.7134072059434565e+01
3.8504455199504122e+01
1.9616395074048945e+01
4.7134072059434565e+01
3.9370461955445997e+01
2.0084784751605952e+01
4.7142359249771388e+01
4.0275336926976600e+01
2.0328924171631989e+01
4.7150648994638971e+01
4.1215301143654131e+01
2.0575040942986771e+01
4.7158941295218689e+01
4.1228214430244350e+01
2.1084814352732757e+01
4.7167236152692531e+01
4.3244173994912551e+01
2.1621441704205171e+01
4.7175533568243466e+01
4.3258282560177314e+01
2.2182782346140634e+01
4.5968610944086848e+01
4.3272399107706931e+01
2.2775078780760783e+01
4.5976520847162490e+01
4.3293588910572481e+01
2.2775078780760783e+01
4.5984433129009474e+01
4.3307725443426243e+01
2.2777316383877434e+01
4.5992347790700940e+01
4.3321869982294658e+01
2.2777316383877434e+01
4.6000264833310936e+01
4.3343101816759116e+01
2.2779554327409290e+01
4.6008184257913626e+01
4.3357266400445006e+01
2.2779554327409290e+01
4.6016106065584566e+01
4.3371439013990184e+01
2.2781792611433975e+01
4.6024030257399289e+01
4.3392713005237034e+01
2.3088499761095207e+01
4.6031956834434467e+01
4.3406905723329174e+01
2.3726397954089062e+01
4.6047817148474735e+01
4.3421106495219668e+01
2.4401695466102801e+01
4.7266974311395785e+01
4.3442422768930165e+01
2.5112417023402763e+01
4.7283633294913443e+01
4.3456643705334436e+01
2.5485696877275817e+01
4.7300302577283773e+01
4.3470872719571865e+01
2.6663807974805835e+01
4.7308641083523696e+01
4.4571015947462769e+01
2.6666757520463424e+01
4.7325325832089121e+01
4.4585926020714112e+01
2.6666757520463424e+01
4.8612497702492625e+01
4.4600844778044056e+01
2.6663807974805835e+01
4.8630047484083086e+01
4.6959707692818100e+01
2.6663807974805835e+01
4.8647608417158878e+01
