762
643
763
643
762
648
762
647
761
652
761
649
759
652
757
654
749
652
752
651
748
652
753
648
745
653
737
650
740
648
738
646
399
736
645
417
728
643
423
727
643
435
726
649
447
729
644
461
727
643
466
722
645
474
720
638
485
723
643
484
722
641
493
724
641
501
718
642
519
719
647
510
718
639
523
727
639
522
728
640
529
724
645
531
722
652
539
731
650
546
731
647
553
735
650
556
742
660
572
735
667
569
737
654
573
739
662
575
745
658
586
744
666
583
747
669
587
747
664
591
742
672
595
748
672
602
750
670
601
747
674
606
752
676
614
753
679
614
754
676
614
755
676
616
758
681
615
758
679
616
762
679
619
756
681
622
759
681
621
762
681
620
765
618
678
767
623
681
764
620
683
768
623
681
771
619
684
771
623
689
776
619
688
776
619
687
777
617
687
778
620
685
781
616
689
785
614
692
784
620
691
787
620
692
790
617
692
795
616
696
799
615
696
795
617
697
797
616
701
801
611
701
803
613
705
807
614
706
806
613
706
812
613
710
812
614
712
