650
550
647
552
646
551
641
554
643
554
639
558
643
560
641
562
643
562
641
561
639
566
637
568
641
572
637
568
635
568
631
570
1
627
570
1
626
570
1
627
570
1
627
574
20
627
571
62
623
570
79
621
569
102
622
566
121
621
567
141
625
574
157
621
572
179
622
574
191
624
575
210
627
573
229
622
579
241
626
579
251
627
577
267
632
580
277
629
581
294
632
584
296
637
583
304
638
585
314
639
586
328
640
591
342
643
590
348
648
589
354
650
594
358
651
595
370
654
595
380
654
597
387
659
604
399
658
603
408
665
601
414
665
597
417
670
602
425
671
602
431
673
608
439
672
602
443
671
606
443
675
607
450
675
608
449
679
610
456
683
612
456
683
463
612
685
466
615
688
465
613
692
468
613
690
470
616
692
472
613
691
472
612
698
475
615
703
475
615
700
483
616
707
480
616
707
484
618
709
484
619
715
486
622
718
488
623
719
488
625
721
492
628
725
488
629
727
494
630
731
492
632
733
491
630
732
495
635
739
493
638
739
494
637
739
494
643
