376
360
379
368
374
363
374
360
372
359
376
365
378
360
369
360
373
354
374
354
370
358
373
356
369
358
371
350
370
352
365
352
529
369
350
518
369
350
510
366
354
499
362
347
488
365
353
477
364
350
478
363
347
469
365
349
458
367
348
458
367
353
461
367
348
453
369
354
454
363
352
455
367
351
447
369
352
454
366
348
440
365
348
442
366
350
442
369
353
444
366
358
438
368
346
431
360
344
427
363
345
427
359
346
426
362
347
421
357
340
425
360
340
421
358
344
411
362
346
421
356
342
409
355
338
413
355
345
411
356
344
409
357
342
413
356
347
413
358
344
406
355
344
408
357
345
406
359
350
405
352
342
405
351
342
395
352
344
398
351
343
393
353
393
342
350
392
340
348
390
339
349
390
339
349
392
339
349
389
341
346
384
338
346
386
336
346
381
336
342
379
336
344
384
342
348
385
344
346
380
342
347
381
344
348
380
344
351
383
345
344
385
343
348
383
344
346
382
344
345
376
340
344
376
341
347
377
343
347
374
345
346
369
343
344
370
343
