3.1054281081143373e+00
3.0736232912503629e+00
3.0538653685454817e+00
3.0214300071576630e+00
2.9886390630585566e+00
2.9510792276636351e+00
2.9346240891833992e+00
2.8840078524016288e+00
2.8499116214672222e+00
2.8577340349341354e+00
2.8657432206404736e+00
2.8739459486236303e+00
2.9134830885059291e+00
2.9225377583097361e+00
2.9318209387792731e+00
2.9742735256481119e+00
2.9742735256481119e+00
2.9935065755115180e+00
2.9987632171933289e+00
3.0327409399888183e+00
3.0527525526145705e+00
3.0585094849017689e+00
3.0789660103213037e+00
3.1144298583706069e+00
3.0997023386231670e+00
3.0997023386231670e+00
3.1271046506527029e+00
3.1401306280869186e+00
3.1620274788585920e+00
3.1912933724153874e+00
3.2214057111078649e+00
3.2288850534135007e+00
3.2602190503719992e+00
3.2924932488293606e+00
3.3257506105775336e+00
3.3092084186466195e+00
3.2761351137908497e+00
3.2761351137908497e+00
3.2430765727004807e+00
3.2511178081616290e+00
3.2344673827728734e+00
3.2178207011704827e+00
3.1845385642752846e+00
3.1845385642752846e+00
3.1999575541200329e+00
3.2330258894726658e+00
3.2671569896765771e+00
3.2758424691952119e+00
3.3115194490706710e+00
3.3207862052929933e+00
3.3397855168139152e+00
3.3680196535372766e+00
3.4071420872513771e+00
3.4284877172464845e+00
3.4700931711706251e+00
3.4700931711706251e+00
3.4505934083809255e+00
3.4310987726591224e+00
3.4116092619833966e+00
3.3814945473247646e+00
3.3921248743329824e+00
3.3428873754845903e+00
3.3235913307169924e+00
3.3235913307169924e+00
3.3043003107660205e+00
3.3043003107660205e+00
3.3142385136064778e+00
3.2947797108084051e+00
3.2947797108084051e+00
3.2753260189333826e+00
3.3346548444794735e+00
3.3148409711025555e+00
3.3251465271580942e+00
3.3356421269960954e+00
3.3463330764074350e+00
3.3366662273061554e+00
3.3475681204514434e+00
3.3586787235521331e+00
3.3700040879661475e+00
3.3815505012726925e+00
3.4271295637477555e+00
3.3501831468936603e+00
3.2748039912833122e+00
3.1798393872238564e+00
