1.8514113380347712e+01
1.8622216682356125e+01
1.8733044199943684e+01
1.8843528771761161e+01
1.8955224564971619e+01
1.8950461722813042e+01
1.9183955580472510e+01
1.9177456404652450e+01
1.9292850834282763e+01
1.9537639101657838e+01
1.9788272068124328e+01
2.0044961589745554e+01
2.0445518948914273e+01
2.0718442381190719e+01
2.0998253520755569e+01
2.1435498316298933e+01
2.1435498316298933e+01
2.1585739512173021e+01
2.1735895832653767e+01
2.1892223292971888e+01
2.2048546322008619e+01
2.2204818777479332e+01
2.2365373310984907e+01
2.2530345737124279e+01
2.2528123897843827e+01
2.2528123897843827e+01
2.2858110225739043e+01
2.3194956206123546e+01
2.3369289515822480e+01
2.3723009541583075e+01
2.4086960062941408e+01
2.4271626723642726e+01
2.4651736116465791e+01
2.5043250993923916e+01
2.5446692520957310e+01
2.5443874867851783e+01
2.5438241448742211e+01
2.5438241448742211e+01
2.5432610544364039e+01
2.5637321657541985e+01
2.5634462706036189e+01
2.5631604397355009e+01
2.5625889707599590e+01
2.5625889707599590e+01
2.6044439602527842e+01
2.6479175031954082e+01
2.6927882181730684e+01
2.7156087312022709e+01
2.7626994855259735e+01
2.7866629047815124e+01
2.8357942789775485e+01
2.8613370178324075e+01
2.9133922089265024e+01
2.9669016019597063e+01
3.0227109949308939e+01
3.0227109949308939e+01
3.0223163222305278e+01
3.0219217533013587e+01
3.0215272881024685e+01
2.9932024576447137e+01
3.0211329265929479e+01
2.9924282725624792e+01
2.9920413312432107e+01
2.9920413312432107e+01
2.9916544906859919e+01
2.9916544906859919e+01
3.0195565166314001e+01
3.0191626729560134e+01
3.0191626729560134e+01
3.0187689327250595e+01
3.0768764368296150e+01
3.0764677968795073e+01
3.1059056865336952e+01
3.1358864375208992e+01
3.1664252058681395e+01
3.1970970423751538e+01
3.2287910005109318e+01
3.2610917197386435e+01
3.2940167925518352e+01
3.3275844981859841e+01
3.3972209112092735e+01
3.3608415155286274e+01
3.3252031032394456e+01
3.2898171715268298e+01
