-2.4146420571702638e+00
-2.3720325725797640e+00
-2.3300124572135430e+00
-2.2731816979871935e+00
-2.2443040643644325e+00
-2.2136983983868013e+00
-2.1742670877615251e+00
-2.1439655030106315e+00
-2.1042869070240582e+00
-2.0610840850048064e+00
-2.0065759921614563e+00
-1.9606753904085190e+00
-1.9138518299406269e+00
-1.8642496626144982e+00
-1.8190378739790583e+00
-1.7637681885670724e+00
-1.7137323643797258e+00
-1.6503818946057831e+00
-1.5935319522330742e+00
-1.5214341386813812e+00
-1.4808028787860779e+00
-1.4284315155383018e+00
-1.3734853420690829e+00
-1.3157696892126542e+00
-1.2550697564436484e+00
-1.1911479405031171e+00
-1.1237407270469324e+00
-1.0525550595862168e+00
-9.7726408021285693e-01
-8.9750211154204540e-01
-8.0030970938947465e-01
-7.6465443658959675e-01
-7.2764916928235623e-01
-6.6263736126548378e-01
-6.2650729276241046e-01
-5.7028993077344381e-01
-5.1174223251955997e-01
-4.5769488216557686e-01
-4.2004203356501368e-01
-3.7821219482270552e-01
-3.2324855871514324e-01
-2.7973428702195097e-01
-2.3555197049032248e-01
-1.9247506449797780e-01
-1.3067038649095594e-01
-8.4933346358898709e-02
-5.4170236716944223e-02
-3.9110716321444902e-02
1.0665277152030625e-02
4.4262082061074383e-02
7.8733900577254656e-02
1.1432749766852800e-01
1.6899931969185039e-01
1.7106081366771533e-01
1.9168319497231662e-01
2.1451591444460910e-01
2.3688438517026517e-01
2.4217987337472535e-01
2.6615475714831943e-01
2.7257682429066959e-01
2.7257682429066959e-01
2.5371901206330677e-01
2.5577746079843672e-01
2.6002099302630033e-01
3.2810475932540972e-01
