6.1240892583510789e+00
6.4861067676151336e+00
6.8845576163087596e+00
7.3259607990003346e+00
7.6467400864069477e+00
8.0175551959175237e+00
8.3926566153704609e+00
8.8283185538173452e+00
9.2719855109775136e+00
9.7919558215287221e+00
1.0325883054449573e+01
1.1000431047707444e+01
1.1275958410414553e+01
1.1612723960118872e+01
1.2019041617956708e+01
1.2397088570708220e+01
1.2796361761162762e+01
1.3282189004915056e+01
1.3735228915513256e+01
1.4288763175137499e+01
1.4655079997034786e+01
1.5039910332117692e+01
1.5443660645960836e+01
1.5867761388253646e+01
1.6313790936052317e+01
1.6783495223319424e+01
1.7278810581421148e+01
1.7801890420538573e+01
1.8355136527268499e+01
1.8941235937842158e+01
1.9564854072368707e+01
1.9954312569667714e+01
2.0358516903722801e+01
2.0782033520831014e+01
2.1365233751757739e+01
2.1827245987394054e+01
2.2308409670722785e+01
2.3148607539679865e+01
2.3503960383829767e+01
2.3689124706644954e+01
2.4062901561305210e+01
2.4256516121757862e+01
2.4453103114075375e+01
2.4847558546395007e+01
2.5056036436397889e+01
2.5469265684565748e+01
2.5892752276729411e+01
2.6326843591662922e+01
2.6556617720347298e+01
2.7015361719367903e+01
2.7253587701613519e+01
2.7735686229627337e+01
2.8237673263748373e+01
2.8746721512819867e+01
2.9277183602743211e+01
3.0106880099276864e+01
3.0686714072877102e+01
3.1591242317807698e+01
3.2227506176092611e+01
3.3222248408156069e+01
3.3222248408156069e+01
3.3562255463905466e+01
3.3913861387623641e+01
3.4638703859210189e+01
3.5027945878848371e+01
