3.6097952449830149e+00
3.5850354249131855e+00
3.5507347210519398e+00
3.5223733487455950e+00
3.4970938486249183e+00
3.4558527550872991e+00
3.4207156887429955e+00
3.3733784965398455e+00
3.3524229073106597e+00
3.3282930354220475e+00
3.3188008601379617e+00
3.3087533657383705e+00
3.3037091855295553e+00
3.3040299968354994e+00
3.2924790817839416e+00
3.2862620078501665e+00
3.3049926632320084e+00
3.3115879006503222e+00
3.3251127756774759e+00
3.3527155316032689e+00
3.3743213158359824e+00
3.4044187571637212e+00
3.4137220675381394e+00
3.4694826675628692e+00
3.4868600602145374e+00
3.5047189752648835e+00
3.5076648355404165e+00
3.5263272218109951e+00
3.5296679139846536e+00
3.5491983006441852e+00
3.6232068532039388e+00
3.6006256780944033e+00
3.6223095758709354e+00
3.6274340385312489e+00
3.6327207401502140e+00
3.6381775093086151e+00
3.6619006188740850e+00
3.6989876657715830e+00
3.6743553108052485e+00
3.6618806737225946e+00
3.6363012133659107e+00
3.6423495531011216e+00
3.5962409407155072e+00
3.6017258898027462e+00
3.5742202451578295e+00
3.5925263005719068e+00
3.5509675479726099e+00
3.5429248325208329e+00
3.4800474570891629e+00
3.4712582019746492e+00
3.4836529606623556e+00
3.4531691257549864e+00
3.4100718379920978e+00
3.4003435475852744e+00
3.4024906180079224e+00
3.4148047262536405e+00
3.4500275575834540e+00
3.4764416661498645e+00
3.4900710733116300e+00
3.5182205960360191e+00
3.5965195297390120e+00
3.5875437233205423e+00
3.6033723161952960e+00
3.7049230973132099e+00
3.6790060949555756e+00
3.6966848663900560e+00
3.7147907588075419e+00
3.7064714380432169e+00
3.7064714380432169e+00
3.6979492544321708e+00
3.7167448858927528e+00
3.6616986681434667e+00
