1.0637006722927199e+01
1.1015087143293009e+01
1.1416910370146267e+01
1.1845939783348888e+01
1.2357947795629308e+01
1.2852213067830498e+01
1.3383740061395237e+01
1.3955301021834948e+01
1.4720165197058726e+01
1.5092134690350537e+01
1.5563656898224348e+01
1.6062764489593935e+01
1.6684039008010984e+01
1.7253180423333639e+01
1.7857786416561225e+01
1.8615324630460538e+01
1.8961017102524192e+01
1.9317260569234559e+01
1.9812566777421452e+01
2.0333761356372243e+01
2.0741721258866995e+01
2.1310020428068778e+01
2.1753728267280195e+01
2.2538555632181883e+01
2.2866675145708005e+01
2.3203886753679566e+01
2.3548263518428854e+01
2.3904760465935187e+01
2.4269109679790798e+01
2.4646594741608606e+01
2.5441172038498472e+01
2.5640587697014311e+01
2.6059696014495149e+01
2.6489043040379862e+01
2.6931983064983765e+01
2.7389171996663045e+01
2.7864540313030655e+01
2.8607697823392481e+01
2.8856921800460487e+01
2.9375113512836055e+01
2.9637242088688900e+01
3.0186428885973047e+01
3.0458700107786470e+01
3.1037506535284418e+01
3.1328719649008345e+01
3.2256067976327515e+01
3.2247414559632716e+01
3.2565175621684858e+01
3.2551948369535815e+01
3.2875484405481636e+01
3.3209811170536376e+01
3.3541350618008728e+01
3.3531996339555945e+01
3.3874502381580783e+01
3.4584972223516658e+01
3.4953559681734035e+01
3.5334950796554288e+01
3.6111386575191375e+01
3.6512019416364275e+01
3.7339467238039745e+01
3.8215904643885750e+01
3.8656726199718285e+01
3.9113797258604592e+01
4.0563363651035758e+01
4.0556527378556218e+01
4.1058176759057787e+01
4.1571946041517215e+01
4.2090917534938733e+01
4.2090917534938733e+01
4.2622543911794622e+01
4.3175036558342981e+01
4.3159553820924700e+01

