2.9619743294384393e+00
-4.0419578258965085e+00
2.9283680807188199e+00
-4.0635687429007818e+00
2.9093304864195049e+00
-4.0847104103856591e+00
2.9090289178128410e+00
-4.1264727943868618e+00
2.8998062264405702e+00
-4.1464937693854260e+00
2.8869376927558186e+00
-4.2073273765993697e+00
2.8761680088196249e+00
-4.1838873883865650e+00
2.8875884222277466e+00
-4.1602522392406165e+00
2.8497176066790515e+00
-4.0993619217048778e+00
2.8238030744408240e+00
-4.0983972707004721e+00
2.7936875203971074e+00
-4.0789885097016487e+00
2.7515823508363955e+00
-4.0256717210828228e+00
2.7215148414306078e+00
-4.0262308879702271e+00
2.6873064732330327e+00
-4.0766188403385275e+00
2.6541257874258304e+00
-4.0595439750218247e+00
2.6049761074241875e+00
-4.1069680056736795e+00
2.6020874534987253e+00
-4.1365652365411130e+00
2.5866895029509256e+00
-4.1656977535440607e+00
2.5728039794264403e+00
-4.1928421642146336e+00
2.5558851664989635e+00
-4.2347152073411429e+00
2.5537253950152707e+00
-4.2593584727153679e+00
2.5353683059248189e+00
-4.2829478596198962e+00
2.5181922956693410e+00
-4.2901313557015008e+00
2.4977878331412979e+00
-4.2820794607441517e+00
2.5106751004906243e+00
-4.3292354718451067e+00
2.4997896829709014e+00
-4.3203602951907660e+00
2.4573160392709488e+00
-4.3502891770737540e+00
2.4294866926584211e+00
-4.3630715811945331e+00
2.4008461120586935e+00
-4.3618085576729788e+00
2.3713583012419859e+00
-4.3732920265701143e+00
2.3409851023645221e+00
-4.3717365849419458e+00
2.3096860312362897e+00
-4.3923379432985268e+00
2.2598090246233742e+00
-4.4000596306174478e+00
2.2262362442732915e+00
-4.4376412472728717e+00
2.2094819061079445e+00
-4.2717576066408576e+00
2.1747188417558165e+00
-4.1765309344691932e+00
2.1567245004710003e+00
-3.9711523025872033e+00
2.1206937938034454e+00
-3.8425411709557169e+00
2.1013564149825026e+00
2.0990605664861666e+00
2.0606872170594484e+00
2.0583998794931819e+00
2.0560304764817161e+00
2.0723122511135674e+00
2.0497175882451839e+00
2.0470232651139479e+00
2.0442237858283780e+00
2.0616208454189482e+00
2.0382837339884712e+00
2.0367225575046248e+00
1.9901801974453641e+00
1.9880832081269169e+00
1.9630031473791585e+00
1.9373948071769749e+00
1.9112413185605959e+00
1.8845250866331347e+00
1.8572277510860118e+00
1.8051601826449224e+00
1.7763783765731187e+00
1.7222542566667927e+00
1.6918807466184203e+00
1.6170192592498949e+00
1.6223068732985655e+00
1.6011878008288301e+00
1.5986531641262594e+00
1.6039090571824934e+00
1.5790123072095765e+00
1.5747608844405649e+00
