1.1289824871894318e+01
3.5938015369986537e+01
1.1662253287123240e+01
3.5528827083959186e+01
1.2058308521635473e+01
3.5128523724310909e+01
1.2535198094459432e+01
3.4731723879147829e+01
1.3046182316758868e+01
3.4348454649087714e+01
1.3532367428777386e+01
3.3963494610873255e+01
1.4120181710995446e+01
3.3250673856416569e+01
1.4832092484094932e+01
3.2231565347399197e+01
1.5131227941564392e+01
3.0969293635005670e+01
1.5523261514553905e+01
3.0367184386175111e+01
1.5849589409788768e+01
2.9508603189942242e+01
1.6187541865420187e+01
2.8439263103542871e+01
1.6631642377713959e+01
2.7677283636316020e+01
1.7002319429749228e+01
2.7181167911194883e+01
1.7488860956147214e+01
2.6258643847483519e+01
1.7894439659359357e+01
2.5809468708439550e+01
1.8323498286295340e+01
2.5169206663248374e+01
1.8770482778626352e+01
2.4757138012757395e+01
1.9359217165524729e+01
2.4164989242677361e+01
1.9854765226421183e+01
2.3780911720891925e+01
2.0511064573558492e+01
2.3231758090784698e+01
2.1063640711183940e+01
2.2706089221261610e+01
2.1795694687738923e+01
2.2042649001801042e+01
2.2415626971322951e+01
2.1265477086725642e+01
2.3417047824101925e+01
2.0816052977598403e+01
2.3767370637985390e+01
2.0116983074489621e+01
2.4122721913966693e+01
1.9583743543152661e+01
2.4490765286421798e+01
1.8835567532238514e+01
2.4869537236038806e+01
1.8029404791499161e+01
2.5259513813297470e+01
1.7386439332496398e+01
2.5661199656042921e+01
1.6689791313264887e+01
2.6075130168071627e+01
1.6130189574252821e+01
2.6280976982912133e+01
1.5521208146431174e+01
2.6492902058493101e+01
1.5028793906595604e+01
2.6935855501600013e+01
1.4147895183045716e+01
2.7157924623820186e+01
1.3610730222642978e+01
2.7622357981227282e+01
1.2759453443809248e+01
2.7855317625515546e+01
1.1995033063063220e+01
2.8342831771042526e+01
2.9110662222987695e+01
2.9368141843225448e+01
2.9911495971894261e+01
3.0474344642655982e+01
3.1361700728060853e+01
3.1973963211303243e+01
3.2613996243117001e+01
3.3279008985604072e+01
3.4331651219039820e+01
3.4690060742595740e+01
3.5060916230035218e+01
3.5428831076924823e+01
3.5815071371725601e+01
3.6203938760142847e+01
3.6600997143544816e+01
3.7006508075856395e+01
3.7420744366687977e+01
3.7843990693390403e+01
3.8270353925649658e+01
3.8712382641671567e+01
3.9157870493628415e+01
3.9619959997013943e+01
3.9600082344967625e+01
4.1078600682266909e+01
4.2659916363937811e+01
4.4969257387429082e+01
4.6868724267520108e+01
4.8920187332656077e+01
5.1953966490393540e+01
