3.1259320389922585e+00
3.1940285349757578e+00
3.1156741627515072e+00
2.9959749274059635e+00
3.0260632305036950e+00
2.8393241710207082e+00
2.7442285605303893e+00
2.8684523820734080e+00
2.8576392432313611e+00
2.8385012126301694e+00
2.7987954815613398e+00
2.7196455202376990e+00
2.6495116485692085e+00
2.5863160039200195e+00
2.5096133833259899e+00
2.4473533777382630e+00
2.3812154269444044e+00
2.2838183955133924e+00
2.2826551790247076e+00
2.2716143086348097e+00
2.2698019261008189e+00
2.2678200475119308e+00
2.2765111889435494e+00
2.2514452028913046e+00
2.2725880834105081e+00
2.2569775154671707e+00
2.2394355052421595e+00
2.2231003872625683e+00
2.1632237937706904e+00
2.1442216388223332e+00
2.0808419280752970e+00
2.0587809682662712e+00
1.9915089860580262e+00
1.9659240088857992e+00
1.8943064584520892e+00
2.6516367447108444e+00
1.8205241535405137e+00
2.6775644914619865e+00
1.7532809293262872e+00
2.6806589451487977e+00
1.6835109941445927e+00
2.6411607766233320e+00
1.6311496602503579e+00
2.5967976045038550e+00
1.6028949844808287e+00
2.5663562830461952e+00
1.5917616776032977e+00
2.5099062867649997e+00
1.5557305610287842e+00
2.4666650193035391e+00
1.5619710494360790e+00
2.3734986800380771e+00
1.4609265464415331e+00
2.2827070613021472e+00
1.3658200889011476e+00
2.1937307961865047e+00
1.2761431797194200e+00
2.0926331868697874e+00
1.2077463928100636e+00
1.9837275712600866e+00
1.1267033113745402e+00
1.9000111057828093e+00
1.0478153797720486e+00
1.8058350730416310e+00
9.7099775934549581e-01
1.7088882761333948e+00
1.5976301808964444e+00
1.4953300407473942e+00
1.3814126457044527e+00
1.3456915538324601e+00
1.3187788939759200e+00
1.2777649721940960e+00
1.2433884492556084e+00
1.2039638881288595e+00
1.1597152604508700e+00
1.1086298966788251e+00
1.0307747799179288e+00
9.5110292671680652e-01
8.5635157892077141e-01
7.8166537738804198e-01
6.8139229096351683e-01
5.9248823899299230e-01
5.1376265744570693e-01
4.3449460277746160e-01
3.4174968880547918e-01
2.4453332674484282e-01
2.1521018660196209e+00
1.3540638719104434e-01
2.1118848730023658e+00
2.9408267197198933e-02
2.0704102237386000e+00
-8.0028525095259179e-02
2.0264383137754276e+00
-1.9307407894235967e-01
1.9757769613362341e+00
1.3123306914458279e+00
-3.0990988930146907e-01
1.9064464043237199e+00
1.2810603274360945e+00
-4.5003754214525638e-01
1.8363435990378825e+00
1.1865246725112699e+00
-5.8514849286806203e-01
1.7873345204979347e+00
1.0967554444772158e+00
-6.9699288144474991e-01
1.7264452711596356e+00
1.0950346549380041e+00
-7.7847503648929461e-01
1.6486881334255887e+00
1.0075306302682756e+00
-8.9591707892630357e-01
1.5752758664566324e+00
9.2433199340716388e-01
-1.0059274263263693e+00
1.4832603349441289e+00
8.6624147371457771e-01
-1.1037681199097136e+00
1.4162208358052644e+00
7.4995349368393616e-01
-1.2295488220604789e+00
1.3438053286461089e+00
6.3352270724685167e-01
-1.3329266582348407e+00
1.2166418122965672e+00
