6.1051379578527643e+00
6.5341231783854177e+00
6.8595156268581192e+00
7.1088666421179347e+00
8.0576594482550234e+00
8.1167198866983679e+00
8.4971693518610056e+00
9.3907095513345169e+00
9.9435716418851712e+00
1.0559370443433018e+01
1.1170067685341323e+01
1.1505824606208055e+01
1.1770766805914217e+01
1.2138420414486484e+01
1.2431034546825536e+01
1.2837300200250848e+01
1.3268870636871171e+01
1.3615426437059741e+01
1.4212846525985658e+01
1.4862467606653381e+01
1.5569003106504471e+01
1.6341614601694616e+01
1.7368358106461681e+01
1.8127512324053356e+01
1.9383238465548189e+01
2.0568445115796212e+01
2.1900293338926613e+01
2.2481682552130430e+01
2.2791603045808330e+01
2.3419771834141692e+01
2.3755073818837914e+01
2.4435900752024196e+01
2.4799838682753830e+01
2.5540230119280505e+01
2.5936639769041399e+01
5.3587736387600851e+00
2.6345031531555414e+01
6.0013401597767668e+00
2.7184425620467628e+01
6.7915184866582941e+00
2.7196885729541918e+01
7.2426339512323743e+00
2.7206236862374393e+01
7.7493134694929697e+00
2.7644582322343766e+01
8.4151958023738445e+00
2.8093472586547101e+01
9.0825111976656299e+00
2.8100075329311945e+01
9.9778582463911167e+00
2.8560078100294291e+01
1.0251353864191772e+01
2.7670262131222572e+01
1.0538091596870384e+01
2.6832737652668371e+01
1.0914736407075859e+01
2.6043026748244387e+01
1.1236592843878247e+01
2.5294408416203051e+01
1.1661640966542384e+01
2.4943531242781606e+01
1.1843716935571029e+01
2.4601984821206187e+01
1.2031846498625384e+01
2.4269401841304557e+01
1.2225511043743683e+01
1.2330651446031215e+01
1.2533247775645057e+01
1.2742899005799602e+01
1.3268545987202726e+01
1.4073039184858400e+01
1.4840554573559325e+01
1.5839147610785888e+01
1.6802224315292786e+01
1.8074526091976630e+01
1.9543407783917527e+01
1.9781685105990586e+01
2.0025522590476815e+01
2.0276982024676439e+01
2.0780737403523961e+01
2.1050611074245293e+01
2.1325176504637589e+01
2.2160805186188014e+01
2.3372003501753490e+01
2.4371629479503284e+01
2.5832975206080516e+01
5.5007911856945420e+00
2.7473359431443143e+01
6.2286182493549882e+00
2.7929200782131574e+01
7.1760917810232581e+00
2.8399830027409685e+01
7.7515648100427743e+00
2.8885978630403603e+01
8.4145844961747898e+00
4.9384135614005125e+01
2.9388427104074303e+01
9.1325678745234669e+00
4.9393378969219228e+01
2.9911693466668375e+01
1.0033134476704108e+01
4.8094895319947391e+01
3.0982570920637730e+01
1.0511827282123104e+01
4.6861880380741070e+01
3.1554445117828489e+01
1.1034743694106076e+01
4.8121297822478574e+01
3.1570673910018030e+01
1.1524383535903230e+01
4.6887035719460961e+01
3.2163888920439341e+01
1.2145990460563585e+01
4.5713501989006915e+01
3.1065166352008895e+01
1.2732528626723932e+01
4.5729512533384792e+01
3.2205905824144594e+01
1.3261169750983342e+01
4.5761563096449578e+01
3.2822553841222636e+01
1.3832203479011820e+01
4.5793653018919542e+01
3.2252230019551504e+01
1.4206197280554168e+01
