590
622
626
635
641
647
654
660
664
669
672
677
678
680
681
683
688
693
693
700
701
704
707
712
710
712
713
716
718
722
720
723
721
723
726
498
728
507
725
525
726
551
727
570
725
587
722
591
726
608
723
612
722
627
718
632
719
632
723
653
720
647
716
663
720
674
667
675
685
692
696
696
712
722
714
728
731
742
745
752
759
763
764
775
782
783
521
787
546
789
562
797
580
796
594
716
797
611
727
806
625
725
810
629
727
816
642
723
815
654
733
824
666
731
822
668
738
828
672
737
825
690
735
825
694
