496
486
485
475
474
469
463
458
445
446
442
433
436
428
426
417
418
418
408
407
402
396
395
397
387
390
383
382
380
387
381
379
378
376
380
581
380
560
375
539
392
525
381
507
381
494
374
481
376
468
379
465
378
464
375
456
395
462
392
456
385
457
390
457
391
455
448
449
452
448
446
440
426
418
410
404
408
406
403
408
401
400
391
390
379
384
563
381
544
386
531
375
514
379
504
346
377
488
351
371
477
352
374
465
352
374
467
350
370
456
350
376
457
354
372
448
350
374
444
350
375
439
356
375
433
