-5.4851113031166383e+00
-5.3221709767131555e+00
-5.1643438010725671e+00
-4.9904306265130058e+00
-4.8214106314436185e+00
-4.6683728215335627e+00
-4.5986957814093401e+00
-4.5131160578019109e+00
-4.4345661441471096e+00
-4.3385857345440169e+00
-4.2364632443307286e+00
-4.1409554185325730e+00
-4.0250874049441023e+00
-3.8867215083550053e+00
-3.7438783575531303e+00
-3.6914153051041620e+00
-3.5754747595110263e+00
-3.5167945176645681e+00
-3.3653812362565021e+00
-3.2842712720095695e+00
-3.1714362700788121e+00
-3.0818834371806800e+00
-3.0335415764816269e+00
-3.0107826422303385e+00
-2.9873904343365081e+00
-2.9896835259411478e+00
-2.9649598552064567e+00
-2.9395075136024134e+00
-2.9404733520971233e+00
-2.8862840498165685e+00
-2.8501738031600627e+00
-2.7960323485643279e+00
-2.7599539792396373e+00
-2.7058603089843718e+00
-2.6698137747992039e+00
-2.6386671606358152e+00
-2.6203739716669996e+00
-2.3610611719173491e+00
-2.5655140686813409e+00
-2.3265184445997846e+00
-2.5472339860575661e+00
-2.2945751145022282e+00
-2.4924133809804103e+00
-2.2698497387091785e+00
-2.4741463906214580e+00
-2.2386615296414827e+00
-2.4193650412423882e+00
-2.2099241493256487e+00
-2.4011111290882066e+00
-2.1970268055908919e+00
-2.3463689932572409e+00
-2.1930641185975386e+00
-2.3653165507675062e+00
-2.1783757974791511e+00
-2.3282549016463592e+00
-2.1735227005856759e+00
-2.2912067238143434e+00
-2.1522262123683729e+00
-2.3095625138700346e+00
-2.1461197816705098e+00
-2.2719265112204470e+00
-2.1279566330296245e+00
-2.2154985595043981e+00
-2.1204615793505646e+00
-2.1027363490365212e+00
-2.0706168568354140e+00
-2.0228652633973625e+00
-2.0123264217622774e+00
-1.9084806068125855e+00
-1.9473425037980037e+00
-1.8242232126839792e+00
-1.8895826155293849e+00
-1.7371966011847497e+00
-1.8208382866301815e+00
-1.6192868090587682e+00
-1.7541416882743541e+00
-1.5274363880886179e+00
-1.6776646592738180e+00
-1.4077520633859817e+00
-1.6355622565765700e+00
-1.3108079033071811e+00
-1.6023530808544040e+00
-1.1488231675490865e+00
-1.5701733923741574e+00
