1.5211213966984547e+01
1.5467657755519689e+01
1.5733804207844962e+01
1.6007818588199871e+01
1.6292506465939617e+01
1.6751286158446295e+01
1.7246462482583606e+01
1.7769195786103122e+01
1.8324854286943243e+01
1.8913468615783763e+01
1.9539750179750698e+01
2.0209191884450050e+01
2.0922632215918110e+01
2.1684594091546611e+01
2.1664759610886353e+01
2.2209395782033031e+01
2.2479095819791468e+01
2.3064688653916374e+01
2.3042607092069076e+01
2.3655196145704366e+01
2.3962868172686022e+01
2.4624606507659628e+01
2.4617172959461605e+01
2.4965169701224976e+01
2.5322849548612616e+01
2.6077143346515228e+01
2.6466645267407298e+01
2.6867626822790388e+01
2.7715278094153682e+01
2.7706120491613923e+01
2.7700018119511423e+01
2.7690868602886457e+01
2.7684771617823898e+01
2.7675630176408990e+01
2.7669538571256094e+01
2.8107142048802565e+01
2.8104010949737440e+01
6.0541654031693861e+00
2.8094621018258199e+01
6.2345222688859057e+00
2.8091492162501414e+01
6.4533156350346994e+00
2.8082108957331389e+01
6.7172674489760276e+00
2.8078982342472997e+01
6.9680525501233186e+00
2.8069605856387298e+01
7.2716209236408318e+00
2.8066481480020844e+01
7.4510419173160649e+00
2.8057111705804996e+01
7.7171402779976903e+00
2.8516606568703097e+01
7.9584443529650040e+00
2.8510180087187827e+01
8.2588235840568807e+00
2.8503755941590985e+01
8.4849647142845193e+00
2.8977712771460833e+01
8.8231985480543820e+00
2.8971099772454842e+01
9.1323422711712094e+00
2.8961184851572192e+01
9.5203078499680274e+00
2.8941371472540322e+01
9.6922301518831322e+00
2.9412791501995702e+01
9.8694630850539280e+00
2.9392420237490800e+01
9.9889406645017385e+00
2.9878484987851238e+01
1.0242667450056711e+01
3.0380524822224999e+01
1.0370793546608194e+01
3.0358934861582380e+01
1.0572117177385554e+01
3.0877084005968914e+01
1.0780250697406791e+01
3.0854853790822858e+01
1.0999479666318098e+01
3.1389902247288351e+01
1.1307345698883116e+01
3.1359373461445685e+01
1.1716621650683940e+01
