-2.1776388229109354e+00
4.4451107266136974e-01
-2.1764509384615023e+00
5.0846840786267145e-01
-2.1670216042047681e+00
5.7238372947753346e-01
-2.1727871310600282e+00
6.3625707889046301e-01
-2.1871781733006537e+00
7.1603980520643151e-01
-2.1774861542564667e+00
7.7981886819582824e-01
-2.1749696508393668e+00
8.4355609310815294e-01
-2.1736837089064500e+00
9.2316885214338096e-01
-2.1798926558763894e+00
9.8681209177012963e-01
-2.1862898783686453e+00
1.0504136268737971e+00
-2.1850410629703414e+00
1.1298569611918738e+00
-2.1996844758859320e+00
1.1933648108669039e+00
-2.1549464312978825e+00
1.2568310890050125e+00
-2.1274150633255697e+00
1.3361055388627168e+00
-2.0998913793218366e+00
1.3519526488268960e+00
-2.0723753760702559e+00
1.3648399084908320e+00
-2.0448670503561925e+00
1.3619622749819140e+00
-2.0173663989668076e+00
1.4082025479695783e+00
-1.9744522785873682e+00
1.4047879243440078e+00
-1.9471823069519010e+00
1.4164679754900005e+00
-1.9199198809802982e+00
1.4464713354761107e+00
-1.8926649975411465e+00
1.4764654015595746e+00
-1.8654176535047500e+00
1.4722576177319362e+00
-1.8150451688065261e+00
1.4827686353335396e+00
4.2525354666023061e+00
-1.8240529468840108e+00
1.4930131214354421e+00
4.1816862166475488e+00
-1.8330615490897690e+00
1.5218573346488531e+00
4.1369316766391275e+00
-1.8420709755369054e+00
1.5074363024199477e+00
4.0838117624580388e+00
-1.8654176535047500e+00
1.4930131214354421e+00
4.0217306315915149e+00
-1.8891314031415245e+00
1.4930131214354421e+00
3.9698927934033308e+00
-1.8982855124006335e+00
1.4785877912150340e+00
3.9087145645554147e+00
-1.9224487246357880e+00
1.4497306811446793e+00
3.8374799266504156e+00
-1.9316773636650486e+00
1.4352989003334351e+00
3.7793381940665656e+00
-1.9409068672608896e+00
1.4352989003334351e+00
3.7196708178192752e+00
-1.9813220745829199e+00
1.4208649683637176e+00
3.6439283966375178e+00
-1.9907025795319344e+00
1.4096897765430652e+00
3.6040829441539306e+00
-2.0188494528234413e+00
1.3950673845739496e+00
3.5241549130075209e+00
-2.0376185016636712e+00
1.3658159764259219e+00
3.4571949446443426e+00
-2.0470043664603299e+00
1.3365557326633453e+00
3.3729114319480855e+00
-2.0751673238882580e+00
1.3389558424712131e+00
3.3104306806989650e+00
-2.0939470993154639e+00
1.3093082972153607e+00
3.2695021236395707e+00
-2.1221234707241687e+00
1.2796516780222107e+00
3.2273876118138300e+00
-2.1315173839097330e+00
1.2648199643972535e+00
3.1534501992835660e+00
-2.1503078951219776e+00
1.2678429152834263e+00
3.0865156022527356e+00
-2.1785003759617689e+00
1.2373843903218098e+00
3.0403903402623018e+00
-2.2330529453576067e+00
1.2231088967070241e+00
2.9928670798907704e+00
-2.2617235213596101e+00
1.1916786508371160e+00
2.9136444804682440e+00
-2.2904024294643932e+00
1.1767801980523709e+00
2.8757580458843730e+00
-2.3003656281664213e+00
1.1458820965689034e+00
2.8372787862044326e+00
-2.3477852565151145e+00
1.1304293533488232e+00
2.7895360301105452e+00
-2.3764891827327541e+00
1.1149741476919746e+00
2.7202547847301348e+00
-2.3857731070833559e+00
1.0840563467132023e+00
2.6886450216550339e+00
-2.4142586919914670e+00
1.0391704179768839e+00
2.6389213605766839e+00
-2.4626510558293866e+00
1.0221911696016137e+00
2.5883895593922275e+00
-2.4712545210397927e+00
9.9124378403702285e-01
2.5262111637472833e+00
-2.4997647722966452e+00
9.4755027768056765e-01
2.5012034939925463e+00
-2.5282832527898207e+00
9.1699100362059316e-01
2.4667570949802928e+00
-2.5663207006410205e+00
8.8642210834649959e-01
2.4408519998471916e+00
-2.6234043335756247e+00
8.4055071571724183e-01
2.4053341533053194e+00
-2.7023845620762437e+00
7.8984496185659869e-01
2.3784852778029522e+00
-2.7376705643525785e+00
7.2779198924597455e-01
2.3418428906745192e+00
-2.8176634196514585e+00
6.9052898622512526e-01
2.3140006767489378e+00
-2.8657359429606446e+00
6.2756368363812864e-01
2.2574419250787474e+00
-2.9330767206370489e+00
5.7238372947753346e-01
2.2008499786273119e+00
-2.9908338609273515e+00
5.0846840786267145e-01
2.1267085170532734e+00
-3.0640272750766000e+00
4.4451107266136974e-01
2.0705075087188991e+00
-3.1064492684405436e+00
3.7529409137640796e-01
2.0142737560804935e+00
-3.1806678508915360e+00
3.1212439911609036e-01
1.9486262879830598e+00
-3.2390396441262390e+00
2.4553433876426375e-01
1.8923214911084627e+00
-3.2974458146903127e+00
1.6752664687352470e-01
1.8359838591694981e+00
-3.3851195944908441e+00
1.1905948912452981e-01
1.7890107294859874e+00
-3.4347603452384159e+00
4.1989590104611001e-02
1.7326128252844626e+00
-3.4373743390681422e+00
4.3195347505937232e-02
1.6855894284150779e+00
