1.2011844073831444e+01
2.4740960792070595e+01
1.2100104978630601e+01
2.4730649207709316e+01
1.2188803770598422e+01
2.4720344397029894e+01
1.2372329231097396e+01
2.4710046353360116e+01
1.2561925626276707e+01
2.4697183304729553e+01
1.2657110188624209e+01
2.4686900462481240e+01
1.2853321424719599e+01
2.4676624365618153e+01
1.2953586043670370e+01
2.4663788720129816e+01
1.3159481177146475e+01
2.4653527776136944e+01
1.3371619722586850e+01
2.4643273555996874e+01
1.3479658595089898e+01
2.4630465226175396e+01
1.3815798495095828e+01
2.4620226110560864e+01
1.3697909597107239e+01
2.4609993697358298e+01
1.3695070584107897e+01
2.4597212596100334e+01
1.3692232363473344e+01
2.4594657630188053e+01
1.3689394934871917e+01
2.4243980833787091e+01
1.3686558297972104e+01
2.3905231865995432e+01
1.3683722452442618e+01
2.3897940890993471e+01
1.3567888996617219e+01
2.3568366149929542e+01
1.3565092354185758e+01
2.3245115138934612e+01
1.3562296485591689e+01
2.3240485257327972e+01
1.3559501390513878e+01
2.3235856809883032e+01
1.3556707068631351e+01
2.2923494349136327e+01
1.3441920035047165e+01
2.2616899671449644e+01
8.6850075876601132e+00
1.3442838803550272e+01
2.2318079420782652e+01
8.8486523304947138e+00
1.3443757656112162e+01
2.2313764758978294e+01
9.0711222527360622e+00
1.3444676592744404e+01
2.2315921929169637e+01
9.3043314421278396e+00
1.3556707068631351e+01
2.2318079420782652e+01
9.5490615681661168e+00
1.3670498960588347e+01
2.2318079420782652e+01
9.8044630940545900e+00
1.3671442925131267e+01
2.2320237233889017e+01
1.0073050221462395e+01
1.3787050997616662e+01
2.2324553824869717e+01
1.0355853626992969e+01
1.3788007945903589e+01
2.2326712602887781e+01
1.0504597186770518e+01
1.3788964983840280e+01
2.2326712602887781e+01
1.0657243789325896e+01
1.4024835743201956e+01
2.2328871702686925e+01
1.0815270260858640e+01
1.4025819465980826e+01
2.2627943378225019e+01
1.1053220815252525e+01
1.4028771196251389e+01
2.2630153120029100e+01
1.1222120815434412e+01
1.4030739484843794e+01
2.2634573604690495e+01
1.1394325867635125e+01
1.4031723769703738e+01
2.2638995424593482e+01
1.1572866334724569e+01
1.4034677186699206e+01
2.2943848941405623e+01
1.1665909541151372e+01
1.4036646600176443e+01
2.2948375990608710e+01
1.1847744055811761e+01
1.4039601423880679e+01
2.2952904425361961e+01
1.2034847446895890e+01
1.4040586552765930e+01
2.2955169162518704e+01
1.2135575320543916e+01
1.4042557092092625e+01
2.3589725684615885e+01
1.2237040772560718e+01
1.4045513605174367e+01
2.3594476350046271e+01
1.2435638342267730e+01
1.4290681464807784e+01
2.3927125692405294e+01
1.2640255153252944e+01
1.4293722903583030e+01
2.3601605148200957e+01
1.2750448531588583e+01
1.4296765226246389e+01
2.3934430610000661e+01
1.2858080103246712e+01
1.4177101217195359e+01
2.3939302494852733e+01
1.2967395831714756e+01
1.4302852524779011e+01
2.3941739019493461e+01
1.3079323330866652e+01
1.4305897501419681e+01
2.3944175932401066e+01
1.3086428394015424e+01
1.4186109203546406e+01
2.3949050923388072e+01
1.3198442258169457e+01
1.4189113598047999e+01
2.3625392104089833e+01
1.3314067356672529e+01
1.4315037745472221e+01
2.3958805568650014e+01
1.3431571666749043e+01
1.4195124987877630e+01
2.3963685224412156e+01
1.3438055410262578e+01
1.4198131983956218e+01
2.3639682245644156e+01
1.3554758435776613e+01
1.4201139847978125e+01
2.3644448625074478e+01
1.3674309459746917e+01
1.4205151684124298e+01
2.3649216505141101e+01
1.3794863182982844e+01
1.4211172334691023e+01
2.3656371140484893e+01
1.3918387266411857e+01
1.4340469211571074e+01
2.3995440957738552e+01
1.4042985391762743e+01
1.4223224073722287e+01
2.4005225213818104e+01
1.4170684009334357e+01
1.4352698250407709e+01
2.4351483981858976e+01
1.4299533453314893e+01
1.4357797891112774e+01
2.4361522330673907e+01
1.4305677438385056e+01
1.4364941551301772e+01
2.4720344397029894e+01
1.4311825029408935e+01
1.4371068557819367e+01
2.4730649207709316e+01
1.4193913658846171e+01
1.4501988367449982e+01
2.4740960792070595e+01
1.4199982097393860e+01
1.4383333298625548e+01
2.4401740832904057e+01
1.4206054071586248e+01
1.4514434348459407e+01
2.4411811766884906e+01
1.4213142514263144e+01
1.4520662834773102e+01
2.4081265605601548e+01
1.4219222159627169e+01
1.4526894989275037e+01
2.4093565535830866e+01
1.4225305350435956e+01
1.4536250105972606e+01
2.3768903294712317e+01
1.4230377386673839e+01
1.4418161271361507e+01
2.3780924011587544e+01
1.4236467085524612e+01
1.4059917045967671e+01
2.4454686231321812e+01
1.4241544549482350e+01
