1088
812
1084
806
1081
800
1076
800
1074
792
1074
797
1072
787
1066
780
1063
775
1058
770
1055
764
1046
756
1043
750
1033
747
1025
741
1024
735
1020
725
1013
722
1010
722
1007
716
1005
716
1003
714
1003
713
1005
714
337
1006
715
355
1006
713
364
1010
716
382
1010
715
393
1010
717
408
1011
716
415
1014
721
427
1012
716
436
1017
717
445
1020
718
456
1015
720
465
1019
719
473
1021
723
481
1023
722
492
1023
723
498
1027
724
506
1029
719
516
1031
725
520
1033
729
526
1035
729
534
1038
729
539
1042
733
547
1046
733
552
1050
734
558
1052
735
563
1054
734
564
1059
738
571
1061
738
578
1060
738
577
1062
739
585
1066
742
585
1072
744
589
1076
744
591
1075
749
599
1082
752
601
1087
757
609
1094
758
613
1103
758
621
1111
766
626
1117
771
629
1126
775
634
1132
778
638
1134
778
644
1148
784
648
1157
786
651
1157
791
658
1168
794
663
1176
799
666
