875
605
871
606
871
602
873
598
870
598
874
594
871
591
867
585
865
583
864
579
860
575
856
570
853
564
849
558
845
554
835
549
828
544
829
540
821
536
818
532
816
533
817
533
817
531
819
535
1
820
536
1
821
535
1
821
538
1
819
535
19
819
536
42
822
539
66
823
536
87
824
539
106
824
540
123
827
541
141
826
542
157
827
545
174
832
546
187
831
546
204
837
547
219
836
548
229
837
552
240
839
553
254
841
556
265
842
554
275
846
557
284
847
559
296
848
560
303
850
561
312
853
563
319
856
566
329
857
566
336
857
567
340
862
570
349
863
571
355
864
572
358
866
574
365
872
576
368
874
578
371
878
581
382
881
584
388
889
590
394
893
594
399
898
596
404
904
598
411
908
598
415
913
598
421
918
599
425
922
600
433
929
597
438
935
595
441
939
595
445
945
593
452
