451
376
443
368
443
371
439
369
441
371
438
365
438
369
435
365
436
368
432
370
435
371
434
370
433
371
433
373
433
375
436
379
437
376
439
382
437
380
438
383
438
385
434
383
434
380
437
382
480
439
380
474
433
380
469
435
378
466
433
380
461
433
383
461
430
377
458
432
382
454
430
378
451
434
378
448
428
380
446
429
381
445
428
377
443
426
376
439
431
376
441
429
376
439
428
376
438
431
380
436
428
376
434
428
379
433
428
376
433
427
376
430
428
378
431
431
376
429
430
379
429
433
379
430
431
380
427
428
380
426
427
380
428
432
380
428
434
380
427
432
380
425
433
378
424
431
379
424
430
381
427
429
377
425
427
376
421
425
376
421
425
375
420
427
373
421
427
374
420
429
376
419
425
374
419
425
373
420
427
374
419
429
371
420
427
374
423
425
374
422
427
376
420
