-3.2814694851097572e+00
-3.2580326983955326e+00
-3.2698152366274438e+00
-3.2598903926890519e+00
-3.2498348888598252e+00
-3.2477171097866351e+00
-3.2597575065297093e+00
-3.2270366041396090e+00
-3.2389558361183437e+00
-3.2366899762016659e+00
-3.2259858977722455e+00
-3.2151330288642788e+00
-3.2273050798581266e+00
-3.1843860410183424e+00
-3.1643653468875677e+00
-3.1298052562113852e+00
-3.0866223949621987e+00
-3.0348282477003994e+00
-3.0223079790174956e+00
-2.9788619361366258e+00
-2.9354352952535288e+00
-2.9133709726849775e+00
-2.8909890213770497e+00
-2.8682825329292303e+00
-2.8452443971350188e+00
-2.8308652448272142e+00
-2.8072072208664567e+00
-2.7831958949366564e+00
-2.7588232933378980e+00
-2.7433482247061973e+00
-2.7399114708494152e+00
-2.6928616453805811e+00
-2.7076848845108650e+00
-2.6599026656542430e+00
-2.6550096459648476e+00
-2.6280392904952321e+00
-2.5889094897853777e+00
-2.5400194153718858e+00
-2.5330263566907862e+00
-2.4932873840717620e+00
-2.4752943201409452e+00
-2.4349101177589514e+00
-2.4156200797535980e+00
-2.3850237456700740e+00
-2.3643582210086409e+00
-2.3325099064027417e+00
-2.3103479975190986e+00
-2.2873761283089968e+00
-2.2739296431214906e+00
-2.2260975352586816e+00
-1.9447218892695068e+00
-1.8780358271618658e+00
-1.8069947133178863e+00
-1.7330789003328391e+00
-1.6475021340002776e+00
-1.5717700348511234e+00
-1.4706027171479896e+00
-1.3577690623704310e+00
-1.2387020441604542e+00
-1.1128704572916090e+00
-9.8392692722455355e-01
-8.9047417119005889e-01
-7.9031204582320247e-01
-6.8367284395971128e-01
-5.6990730382765342e-01
-4.4462869532431432e-01
-3.6909268913670984e-01
-2.8578393529406443e-01
-1.9801916524412155e-01
-1.0543103997947273e-01
-1.9185966485903412e+00
-7.6744873838978109e-03
-1.9609327404432235e+00
5.4681404519656612e-02
-1.9828079802061853e+00
1.1365267250764338e-01
-2.0051759202109567e+00
1.9111152274902918e-01
-2.0280533958244207e+00
2.5831340726633589e-01
-2.0514580182604374e+00
3.4247710818855981e-01
-2.0754082197937747e+00
3.7405978403792028e-01
-2.0754082197937747e+00
4.0150294480684956e-01
-2.1138555199418985e+00
4.3599743995699064e-01
-2.1138555199418985e+00
4.6675953775853424e-01
-2.1391238069932506e+00
4.9559409106869773e-01
-2.1391238069932506e+00
5.3928843612659283e-01
-2.1391238069932506e+00
5.8108575127040862e-01
-2.1507299788724050e+00
5.8585578514247549e-01
-2.1507299788724050e+00
5.7590533852944570e-01
-2.1626181768420132e+00
5.8585503931428429e-01
-2.1747988070442945e+00
5.8065689487633976e-01
-2.1747988070442945e+00
5.8056174333533561e-01
-2.1601755636043394e+00
5.8585337994408382e-01
-2.1747988070442945e+00
5.7476268111000794e-01
-2.1747988070442945e+00
5.6872572185688752e-01
-2.1747988070442945e+00
5.5055429451585769e-01
-2.1747988070442945e+00
5.5551533401362341e-01
-2.1894242589578288e+00
5.4247145969527022e-01
-2.2300764857629596e+00
5.2758554577439654e-01
-2.2300764857629596e+00
5.1300850467607706e-01
-2.2882328518793651e+00
5.0952593246943712e-01
-2.3494987866363357e+00
