1.1503095432493994e+01
1.1500844653945503e+01
1.1662772594246968e+01
1.1743794918699377e+01
1.1825883896505102e+01
1.1909852827822860e+01
1.2082815624906111e+01
1.2079575492605736e+01
1.2257233154798607e+01
1.2347073421013057e+01
1.2437313777844313e+01
1.2528808507573354e+01
1.2719180089961396e+01
1.2714789143325392e+01
1.2809309120867592e+01
1.2805756214973263e+01
1.2801316856185032e+01
1.2795992225158384e+01
1.2892594047142392e+01
1.2888105769950835e+01
1.2883619497120062e+01
1.2980594913023383e+01
1.3078966346366521e+01
1.3178764160420826e+01
1.3280019605419847e+01
1.3383718056685929e+01
1.3487998155052523e+01
1.3593835541726239e+01
1.3701265363269412e+01
1.3811326383903925e+01
1.4039651403548310e+01
1.4034505929310535e+01
1.4272060590221077e+01
1.4266776973843925e+01
1.4509730865668068e+01
1.4631420904295316e+01
1.4627019839363793e+01
1.4621521002464608e+01
1.4876219369435530e+01
1.4871697466308227e+01
1.5133663710538462e+01
1.5129013423193280e+01
1.5399768916857980e+01
1.5536207080813954e+01
1.5821147883135355e+01
1.5964847236262978e+01
1.6265118755429839e+01
1.6576364420324254e+01
1.7067997017531649e+01
1.7406627567972354e+01
5.0261772254448092e+00
5.2088651926571110e+00
5.4034839220657371e+00
5.6334416159995833e+00
5.8569992023764454e+00
6.1492901176622023e+00
6.3556073985550734e+00
6.5452044292463514e+00
6.7452755263882356e+00
6.9567132865541836e+00
7.2153502448020710e+00
7.4217501138887725e+00
7.6776955652431020e+00
7.9501919659838851e+00
8.2408983823166224e+00
8.5990538010376820e+00
8.7882771370589108e+00
9.0371752445040912e+00
9.2993864066954490e+00
9.5760081071447889e+00
1.9308196350525840e+01
9.9305214578214294e+00
1.9752996308774751e+01
1.0247241984976840e+01
1.9982826349938250e+01
1.0583866601474973e+01
2.0217832897420486e+01
1.0940203269731043e+01
2.0458192830337065e+01
1.1321032130843076e+01
2.0704091179163139e+01
1.1899342329921678e+01
2.0955721600768904e+01
1.2165092604876113e+01
2.0955721600768904e+01
1.2538890661089102e+01
2.1215331804401270e+01
1.2832273933964343e+01
2.1215331804401270e+01
1.3245949595125264e+01
2.1479088035829115e+01
1.3572492020498675e+01
2.1479088035829115e+01
1.4031804376187845e+01
2.1479088035829115e+01
1.4395139220692929e+01
2.1747082206509990e+01
1.4781168755663636e+01
2.1747082206509990e+01
1.5051080298701185e+01
2.2021588545803180e+01
1.5328042296595562e+01
2.2302847338402426e+01
1.5764519655235198e+01
2.2302847338402426e+01
1.6068347837285643e+01
2.2300619561785794e+01
1.6544764419751942e+01
2.2302847338402426e+01
1.6879388427739112e+01
2.2302847338402426e+01
1.7404601769937273e+01
2.2302847338402426e+01
1.7963320838568279e+01
2.2302847338402426e+01
1.8553900888910899e+01
2.2305075451468753e+01
1.8970871091849876e+01
2.2891303387476732e+01
1.9858930720392230e+01
2.2891303387476732e+01
2.0334340730537097e+01
2.3510404374107402e+01
2.1349389858072911e+01
2.4162608134207744e+01
