1274
1267
1267
1261
1259
1254
1252
1246
1242
1234
1231
1225
1216
1211
1205
1202
1196
1189
1185
1179
1172
1166
1160
1153
1148
1143
1137
1132
1125
1118
1112
1108
1103
1098
1093
1087
1083
1080
1072
1065
1059
1057
1050
1037
1018
996
976
969
962
953
1277
1279
1280
1080
1280
1259
1221
1180
1145
1110
1077
1045
1015
991
966
944
915
901
886
869
950
853
949
840
949
825
947
816
946
804
946
798
942
790
945
785
946
778
944
772
946
768
941
764
940
762
941
761
940
759
938
759
937
759
938
758
941
758
937
761
937
761
937
763
936
763
936
763
937
763
938
759
934
761
937
