916
920
921
918
916
916
915
914
913
909
907
904
903
901
898
894
892
889
886
884
881
877
874
871
868
863
860
857
854
850
846
846
840
837
836
834
831
827
826
823
821
817
814
813
809
806
802
799
797
793
845
827
810
792
774
756
738
722
704
690
670
653
640
635
624
620
610
597
589
580
809
572
793
566
790
564
787
555
789
555
787
549
772
548
775
547
777
547
777
548
778
549
777
552
778
550
776
551
779
560
780
560
780
564
783
569
783
578
783
580
782
586
782
586
788
591
788
598
788
600
789
603
789
604
789
