459
462
461
454
455
451
457
453
453
452
449
448
446
444
443
446
446
440
440
442
439
441
443
436
435
438
435
437
436
432
432
429
430
428
432
430
430
430
428
420
423
415
419
411
416
413
412
414
412
412
598
590
580
570
567
563
554
548
546
540
530
529
519
512
508
503
495
490
495
491
403
482
405
476
405
480
404
465
402
463
403
461
395
454
396
450
396
442
397
437
394
437
394
434
395
434
398
432
392
426
395
424
394
425
397
418
394
417
396
417
393
410
392
409
392
406
391
402
393
399
388
397
386
393
392
