3.1990015223114407e+00
3.1803425648171357e+00
3.1472831816508138e+00
3.1196019293692583e+00
3.0758090137034189e+00
3.0487045262588297e+00
3.0129053114731641e+00
2.9583521161446988e+00
2.9146583725122883e+00
2.8210766000661933e+00
2.7227208732122570e+00
2.6118560504711281e+00
2.5025952469449337e+00
2.3872991077124417e+00
2.2654533603429177e+00
2.1282898528638348e+00
1.9913135432469316e+00
1.8371468337424561e+00
1.7167618354238612e+00
1.5876209539174024e+00
1.4552211115483928e+00
1.3173058217821692e+00
1.1735231138205444e+00
1.0181909442498194e+00
8.6450547599941230e-01
7.3352968712501909e-01
6.0169810768562870e-01
4.5230417941450368e-01
3.1205340100057483e-01
1.5324357165356087e-01
-5.1264591287606591e-04
-1.7124622734610945e-01
-3.3961574555694363e-01
-4.3756497617274287e-01
-5.4419831708035948e-01
-6.5159548879546381e-01
-7.6262696078487946e-01
-8.7748038415370799e-01
-1.0027192676130232e+00
-1.1340462025235805e+00
-1.2154124746928157e+00
-1.2987901682431053e+00
-1.3706589392770550e+00
-1.4581258935644215e+00
-1.5339080843432760e+00
-1.6257819157325364e+00
-1.7322275745445117e+00
-1.7861832444572672e+00
-1.8416438194769358e+00
-1.9136419106015139e+00
-1.9876901191465481e+00
-2.0484921711751407e+00
-2.1266953429491586e+00
-2.2244793408499266e+00
-2.2420001550020525e+00
-2.2452279638261117e+00
-2.2651445647109600e+00
-2.2502670021196254e+00
-2.2707615400159029e+00
-2.2746639287910364e+00
-2.3162160398876730e+00
-2.2649933025322930e+00
-2.2325866422174769e+00
-2.1791728683307143e+00
-2.1442691966108205e+00
-2.0884953380286744e+00
-2.0509690182107856e+00
-1.9527352106498725e+00
-1.8506411601587107e+00
-1.7098358719536646e+00
-1.6005074444787477e+00
-1.4713302089195239e+00
-1.3392913120343783e+00
-1.2042945972361527e+00
-1.0777864762272089e+00
-9.3521739267576554e-01
-8.4686454140746514e-01
-7.6694915352236337e-01
-6.6258135001894103e-01
-5.8555407081432287e-01
-4.7538294551517912e-01
-3.8630329267821145e-01
-2.7101861868796639e-01
-1.8250671954351624e-01
