6.5814106393207545e+00
6.8795191381742162e+00
7.1790802577034105e+00
7.5237654559148384e+00
7.8719925187339062e+00
8.2757396582667706e+00
8.7156035342575073e+00
9.1645243099448557e+00
9.6904394389283706e+00
9.9686804522964074e+00
1.0261115575024521e+01
1.0568333244781735e+01
1.0892589465992232e+01
1.1234756915078616e+01
1.1596361812146197e+01
1.1978443077443160e+01
1.2384199066078487e+01
1.2814394034933693e+01
1.3036130365811834e+01
1.3387236472878520e+01
1.3691189908647786e+01
1.4007805286880050e+01
1.4337890635224655e+01
1.4755584922902779e+01
1.5196953321802489e+01
1.5421373344289400e+01
1.5735348544575793e+01
1.5973404537521441e+01
1.6398375068610989e+01
1.6748751576361677e+01
1.7017093462211598e+01
1.7392341454980141e+01
1.7890112770321657e+01
1.8093142436604751e+01
1.8524430882631496e+01
1.8857420983999667e+01
1.9201679408335920e+01
1.9557787976925809e+01
2.0056862335182117e+01
2.0580197452454584e+01
2.0849603315992368e+01
2.1125669048535496e+01
2.1410664490748864e+01
2.1700866045396811e+01
2.2000647376054122e+01
2.2306099054267531e+01
2.2785165216681001e+01
2.3118539582450218e+01
2.3461212262675900e+01
2.3811095789154738e+01
2.4170942111890511e+01
2.4543814777679948e+01
2.4924987006257211e+01
2.5522424973026876e+01
2.5730515478951535e+01
2.6162445350112506e+01
2.6605264465001056e+01
2.6836745248133028e+01
2.7301664287534045e+01
2.7785487466900431e+01
2.8535524155732855e+01
2.8807348027490466e+01
2.9351175791209812e+01
2.9638101418326833e+01
3.0212550749741766e+01
3.0515872155237176e+01
3.1431970676746655e+01
3.1767991806594541e+01
3.2438457960768432e+01
3.2470237655068196e+01
3.3169752978603796e+01
3.3547417654976620e+01
3.3933448731155636e+01
3.4328127332110000e+01
3.5107502466023455e+01
3.5529060968702318e+01
3.5550761923838280e+01
3.5966047943240248e+01
3.6396470188312207e+01
3.7252080829738951e+01
3.7712859680353461e+01
3.8178529737979012e+01
3.8661834149626785e+01
4.0109557122989393e+01
